14 67 49 42 24 9 61 69 51 0 28 36 53 0 56 62 51 16 46 20 54 28 45 69 14 40 20 39 42 69 68 56 66 6 58 50 15 48 8 26 48 36 23 31 68 8 53 8 55 28 28 69 16 2 27 30 43 7 30 14 6 58 30 32 64 17 42 40 25 50
14 67 49 42 24 9 61 50 51 0 28 36 53 0 56 62 51 16 46 20 54 28 45 25 14 40 20 39 42 40 68 56 66 6 58 50 15 48 8 26 48 36 23 31 68 8 53 8 55 28 28 42 16 2 27 30 43 7 30 14 6 58 30 32 64 17 69 69 69 69
14 67 49 42 24 9 61 50 51 0 28 36 53 0 56 62 51 16 46 20 54 28 45 25 14 40 20 39 42 40 68 56 66 6 58 50 15 48 8 26 48 36 23 31 68 8 53 8 55 28 28 42 16 2 27 30 43 7 30 14 6 58 30 32 64 17 69 69 69 69
14 67 49 42 24 9 61 50 51 0 28 36 53 0 56 62 51 16 46 20 54 28 45 25 14 40 20 39 42 40 17 56 66 6 58 50 15 48 8 26 48 36 23 31 64 8 53 8 55 28 28 42 16 2 27 30 43 7 30 14 6 58 30 32 68 68 69 69 69 69
14 67 49 42 24 9 61 50 51 0 28 36 53 0 56 62 51 16 46 20 54 28 45 25 14 40 20 39 42 40 17 56 66 6 58 50 15 48 8 26 48 36 23 31 64 8 53 8 55 28 28 42 16 2 27 30 43 7 30 14 6 58 30 32 68 68 69 69 69 69
14 32 49 42 24 9 61 50 51 0 28 36 53 0 56 62 51 16 46 20 54 28 45 25 14 40 20 39 42 40 17 56 66 6 58 50 15 48 8 26 48 36 23 31 64 8 53 8 55 28 28 42 16 2 27 30 43 7 30 14 6 58 30 67 68 68 69 69 69 69
14 32 49 42 24 9 61 50 51 0 28 36 53 0 56 62 51 16 46 20 54 28 45 25 14 40 20 39 42 40 17 56 66 6 58 50 15 48 8 26 48 36 23 31 64 8 53 8 55 28 28 42 16 2 27 30 43 7 30 14 6 58 30 67 68 68 69 69 69 69
14 32 49 42 24 9 61 50 51 0 28 36 53 0 56 62 51 16 46 20 54 28 45 25 14 40 20 39 42 40 17 56 30 6 58 50 15 48 8 26 48 36 23 31 64 8 53 8 55 28 28 42 16 2 27 30 43 7 30 14 6 58 66 67 68 68 69 69 69 69
14 32 49 42 24 9 61 50 51 0 28 36 53 0 56 62 51 16 46 20 54 28 45 25 14 40 20 39 42 40 17 56 30 6 58 50 15 48 8 26 48 36 23 31 64 8 53 8 55 28 28 42 16 2 27 30 43 7 30 14 6 58 66 67 68 68 69 69 69 69
14 32 49 42 24 9 61 50 51 0 28 36 53 0 56 62 51 16 46 20 54 28 45 25 14 40 20 39 42 40 17 56 30 6 58 50 15 48 8 26 48 36 23 31 64 8 53 8 55 28 28 42 16 2 27 30 43 7 30 14 6 58 66 67 68 68 69 69 69 69
14 32 49 42 24 9 61 50 51 0 28 36 53 0 56 62 51 16 46 20 54 28 45 25 14 40 20 39 42 40 17 56 30 6 58 50 15 48 8 26 48 36 23 31 64 8 53 8 55 28 28 42 16 2 27 30 43 7 30 14 6 58 66 67 68 68 69 69 69 69
14 32 49 42 24 9 61 50 51 0 28 36 53 0 56 62 51 16 46 20 54 28 45 25 14 40 20 39 42 40 17 56 30 6 58 50 15 48 8 26 48 36 23 31 58 8 53 8 55 28 28 42 16 2 27 30 43 7 30 14 6 64 66 67 68 68 69 69 69 69
14 32 49 42 24 9 61 50 51 0 28 36 53 0 56 62 51 16 46 20 54 28 45 25 14 40 20 39 42 40 17 56 30 6 58 50 15 48 8 26 48 36 23 31 58 8 53 8 55 28 28 42 16 2 27 30 43 7 30 14 6 64 66 67 68 68 69 69 69 69
14 32 49 42 24 9 61 50 51 0 28 36 53 0 56 62 51 16 46 20 54 28 45 25 14 40 20 39 42 40 17 56 30 6 58 50 15 48 8 26 48 36 23 31 58 8 53 8 55 28 28 42 16 2 27 30 43 7 30 14 6 64 66 67 68 68 69 69 69 69
14 32 49 42 24 9 61 50 51 0 28 36 53 0 56 62 51 16 46 20 54 28 45 25 14 40 20 39 42 40 17 56 30 6 58 50 15 48 8 26 48 36 23 31 58 8 53 8 55 28 28 42 16 2 27 30 43 7 30 14 6 64 66 67 68 68 69 69 69 69
14 32 49 42 24 9 61 50 51 0 28 36 53 0 56 6 51 16 46 20 54 28 45 25 14 40 20 39 42 40 17 56 30 6 58 50 15 48 8 26 48 36 23 31 58 8 53 8 55 28 28 42 16 2 27 30 43 7 30 14 62 64 66 67 68 68 69 69 69 69
14 32 49 42 24 9 61 50 51 0 28 36 53 0 56 6 51 16 46 20 54 28 45 25 14 40 20 39 42 40 17 56 30 6 58 50 15 48 8 26 48 36 23 31 58 8 53 8 55 28 28 42 16 2 27 30 43 7 30 14 62 64 66 67 68 68 69 69 69 69
14 32 49 42 24 9 14 50 51 0 28 36 53 0 56 6 51 16 46 20 54 28 45 25 14 40 20 39 42 40 17 56 30 6 58 50 15 48 8 26 48 36 23 31 58 8 53 8 55 28 28 42 16 2 27 30 43 7 30 61 62 64 66 67 68 68 69 69 69 69
14 32 49 42 24 9 14 50 51 0 28 36 53 0 56 6 51 16 46 20 54 28 45 25 14 40 20 39 42 40 17 56 30 6 58 50 15 48 8 26 48 36 23 31 58 8 53 8 55 28 28 42 16 2 27 30 43 7 30 61 62 64 66 67 68 68 69 69 69 69
14 32 49 42 24 9 14 50 51 0 28 36 53 0 56 6 51 16 46 20 54 28 45 25 14 40 20 39 42 40 17 56 30 6 58 50 15 48 8 26 48 36 23 31 58 8 53 8 55 28 28 42 16 2 27 30 43 7 30 61 62 64 66 67 68 68 69 69 69 69
14 32 49 42 24 9 14 50 51 0 28 36 53 0 56 6 51 16 46 20 54 28 45 25 14 40 20 39 42 40 17 56 30 6 58 50 15 48 8 26 48 36 23 31 58 8 53 8 55 28 28 42 16 2 27 30 43 7 30 61 62 64 66 67 68 68 69 69 69 69
14 32 49 42 24 9 14 50 51 0 28 36 53 0 56 6 51 16 46 20 54 28 45 25 14 40 20 39 42 40 17 56 30 6 58 50 15 48 8 26 48 36 23 31 58 8 53 8 55 28 28 42 16 2 27 30 43 7 30 61 62 64 66 67 68 68 69 69 69 69
14 32 49 42 24 9 14 50 51 0 28 36 53 0 56 6 51 16 46 20 54 28 45 25 14 40 20 39 42 40 17 56 30 6 58 50 15 48 8 26 48 36 23 31 58 8 53 8 55 28 28 42 16 2 27 30 43 7 30 61 62 64 66 67 68 68 69 69 69 69
14 32 49 42 24 9 14 50 51 0 28 36 53 0 56 6 51 16 46 20 54 28 45 25 14 40 20 39 42 40 17 56 30 6 30 50 15 48 8 26 48 36 23 31 7 8 53 8 55 28 28 42 16 2 27 30 43 58 58 61 62 64 66 67 68 68 69 69 69 69
14 32 49 42 24 9 14 50 51 0 28 36 53 0 56 6 51 16 46 20 54 28 45 25 14 40 20 39 42 40 17 56 30 6 30 50 15 48 8 26 48 36 23 31 7 8 53 8 55 28 28 42 16 2 27 30 43 58 58 61 62 64 66 67 68 68 69 69 69 69
14 32 49 42 24 9 14 50 51 0 28 36 53 0 56 6 51 16 46 20 54 28 45 25 14 40 20 39 42 40 17 56 30 6 30 50 15 48 8 26 48 36 23 31 7 8 53 8 55 28 28 42 16 2 27 30 43 58 58 61 62 64 66 67 68 68 69 69 69 69
14 32 49 42 24 9 14 50 51 0 28 36 53 0 56 6 51 16 46 20 54 28 45 25 14 40 20 39 42 40 17 56 30 6 30 50 15 48 8 26 48 36 23 31 7 8 53 8 55 28 28 42 16 2 27 30 43 58 58 61 62 64 66 67 68 68 69 69 69 69
14 32 49 42 24 9 14 50 51 0 28 36 53 0 43 6 51 16 46 20 54 28 45 25 14 40 20 39 42 40 17 30 30 6 30 50 15 48 8 26 48 36 23 31 7 8 53 8 55 28 28 42 16 2 27 56 56 58 58 61 62 64 66 67 68 68 69 69 69 69
14 32 49 42 24 9 14 50 51 0 28 36 53 0 43 6 51 16 46 20 54 28 45 25 14 40 20 39 42 40 17 30 30 6 30 50 15 48 8 26 48 36 23 31 7 8 53 8 55 28 28 42 16 2 27 56 56 58 58 61 62 64 66 67 68 68 69 69 69 69
14 32 49 42 24 9 14 50 51 0 28 36 53 0 43 6 51 16 46 20 54 28 45 25 14 40 20 39 42 40 17 30 30 6 30 50 15 48 8 26 48 36 23 31 7 8 53 8 27 28 28 42 16 2 55 56 56 58 58 61 62 64 66 67 68 68 69 69 69 69
14 32 49 42 24 9 14 50 51 0 28 36 53 0 43 6 51 16 46 20 54 28 45 25 14 40 20 39 42 40 17 30 30 6 30 50 15 48 8 26 48 36 23 31 7 8 53 8 27 28 28 42 16 2 55 56 56 58 58 61 62 64 66 67 68 68 69 69 69 69
14 32 49 42 24 9 14 50 51 0 28 36 53 0 43 6 51 16 46 20 2 28 45 25 14 40 20 39 42 40 17 30 30 6 30 50 15 48 8 26 48 36 23 31 7 8 53 8 27 28 28 42 16 54 55 56 56 58 58 61 62 64 66 67 68 68 69 69 69 69
14 32 49 42 24 9 14 50 51 0 28 36 53 0 43 6 51 16 46 20 2 28 45 25 14 40 20 39 42 40 17 30 30 6 30 50 15 48 8 26 48 36 23 31 7 8 53 8 27 28 28 42 16 54 55 56 56 58 58 61 62 64 66 67 68 68 69 69 69 69
14 32 49 42 24 9 14 50 51 0 28 36 16 0 43 6 51 16 46 20 2 28 45 25 14 40 20 39 42 40 17 30 30 6 30 50 15 48 8 26 48 36 23 31 7 8 42 8 27 28 28 53 53 54 55 56 56 58 58 61 62 64 66 67 68 68 69 69 69 69
14 32 49 42 24 9 14 50 51 0 28 36 16 0 43 6 51 16 46 20 2 28 45 25 14 40 20 39 42 40 17 30 30 6 30 50 15 48 8 26 48 36 23 31 7 8 42 8 27 28 28 53 53 54 55 56 56 58 58 61 62 64 66 67 68 68 69 69 69 69
14 32 49 42 24 9 14 50 51 0 28 36 16 0 43 6 51 16 46 20 2 28 45 25 14 40 20 39 42 40 17 30 30 6 30 50 15 48 8 26 48 36 23 31 7 8 42 8 27 28 28 53 53 54 55 56 56 58 58 61 62 64 66 67 68 68 69 69 69 69
14 32 49 42 24 9 14 50 51 0 28 36 16 0 43 6 51 16 46 20 2 28 45 25 14 40 20 39 42 40 17 30 30 6 30 50 15 48 8 26 48 36 23 31 7 8 42 8 27 28 28 53 53 54 55 56 56 58 58 61 62 64 66 67 68 68 69 69 69 69
14 32 49 42 24 9 14 50 28 0 28 36 16 0 43 6 28 16 46 20 2 28 45 25 14 40 20 39 42 40 17 30 30 6 30 50 15 48 8 26 48 36 23 31 7 8 42 8 27 51 51 53 53 54 55 56 56 58 58 61 62 64 66 67 68 68 69 69 69 69
14 32 49 42 24 9 14 50 28 0 28 36 16 0 43 6 28 16 46 20 2 28 45 25 14 40 20 39 42 40 17 30 30 6 30 50 15 48 8 26 48 36 23 31 7 8 42 8 27 51 51 53 53 54 55 56 56 58 58 61 62 64 66 67 68 68 69 69 69 69
14 32 49 42 24 9 14 27 28 0 28 36 16 0 43 6 28 16 46 20 2 28 45 25 14 40 20 39 42 40 17 30 30 6 30 8 15 48 8 26 48 36 23 31 7 8 42 50 50 51 51 53 53 54 55 56 56 58 58 61 62 64 66 67 68 68 69 69 69 69
14 32 49 42 24 9 14 27 28 0 28 36 16 0 43 6 28 16 46 20 2 28 45 25 14 40 20 39 42 40 17 30 30 6 30 8 15 48 8 26 48 36 23 31 7 8 42 50 50 51 51 53 53 54 55 56 56 58 58 61 62 64 66 67 68 68 69 69 69 69
14 32 42 42 24 9 14 27 28 0 28 36 16 0 43 6 28 16 46 20 2 28 45 25 14 40 20 39 42 40 17 30 30 6 30 8 15 48 8 26 48 36 23 31 7 8 49 50 50 51 51 53 53 54 55 56 56 58 58 61 62 64 66 67 68 68 69 69 69 69
14 32 42 42 24 9 14 27 28 0 28 36 16 0 43 6 28 16 46 20 2 28 45 25 14 40 20 39 42 40 17 30 30 6 30 8 15 48 8 26 48 36 23 31 7 8 49 50 50 51 51 53 53 54 55 56 56 58 58 61 62 64 66 67 68 68 69 69 69 69
14 32 42 42 24 9 14 27 28 0 28 36 16 0 43 6 28 16 46 20 2 28 45 25 14 40 20 39 42 40 17 30 30 6 30 8 15 8 8 26 7 36 23 31 48 48 49 50 50 51 51 53 53 54 55 56 56 58 58 61 62 64 66 67 68 68 69 69 69 69
14 32 42 42 24 9 14 27 28 0 28 36 16 0 43 6 28 16 46 20 2 28 45 25 14 40 20 39 42 40 17 30 30 6 30 8 15 8 8 26 7 36 23 31 48 48 49 50 50 51 51 53 53 54 55 56 56 58 58 61 62 64 66 67 68 68 69 69 69 69
14 32 42 42 24 9 14 27 28 0 28 36 16 0 43 6 28 16 46 20 2 28 45 25 14 40 20 39 42 40 17 30 30 6 30 8 15 8 8 26 7 36 23 31 48 48 49 50 50 51 51 53 53 54 55 56 56 58 58 61 62 64 66 67 68 68 69 69 69 69
14 32 42 42 24 9 14 27 28 0 28 36 16 0 43 6 28 16 46 20 2 28 45 25 14 40 20 39 42 40 17 30 30 6 30 8 15 8 8 26 7 36 23 31 48 48 49 50 50 51 51 53 53 54 55 56 56 58 58 61 62 64 66 67 68 68 69 69 69 69
14 32 42 42 24 9 14 27 28 0 28 36 16 0 43 6 28 16 31 20 2 28 45 25 14 40 20 39 42 40 17 30 30 6 30 8 15 8 8 26 7 36 23 46 48 48 49 50 50 51 51 53 53 54 55 56 56 58 58 61 62 64 66 67 68 68 69 69 69 69
14 32 42 42 24 9 14 27 28 0 28 36 16 0 43 6 28 16 31 20 2 28 45 25 14 40 20 39 42 40 17 30 30 6 30 8 15 8 8 26 7 36 23 46 48 48 49 50 50 51 51 53 53 54 55 56 56 58 58 61 62 64 66 67 68 68 69 69 69 69
14 32 42 42 24 9 14 27 28 0 28 36 16 0 43 6 28 16 31 20 2 28 23 25 14 40 20 39 42 40 17 30 30 6 30 8 15 8 8 26 7 36 45 46 48 48 49 50 50 51 51 53 53 54 55 56 56 58 58 61 62 64 66 67 68 68 69 69 69 69
14 32 42 42 24 9 14 27 28 0 28 36 16 0 43 6 28 16 31 20 2 28 23 25 14 40 20 39 42 40 17 30 30 6 30 8 15 8 8 26 7 36 45 46 48 48 49 50 50 51 51 53 53 54 55 56 56 58 58 61 62 64 66 67 68 68 69 69 69 69
14 32 42 42 24 9 14 27 28 0 28 36 16 0 43 6 28 16 31 20 2 28 23 25 14 40 20 39 42 40 17 30 30 6 30 8 15 8 8 26 7 36 45 46 48 48 49 50 50 51 51 53 53 54 55 56 56 58 58 61 62 64 66 67 68 68 69 69 69 69
14 32 42 42 24 9 14 27 28 0 28 36 16 0 43 6 28 16 31 20 2 28 23 25 14 40 20 39 42 40 17 30 30 6 30 8 15 8 8 26 7 36 45 46 48 48 49 50 50 51 51 53 53 54 55 56 56 58 58 61 62 64 66 67 68 68 69 69 69 69
14 32 42 42 24 9 14 27 28 0 28 36 16 0 36 6 28 16 31 20 2 28 23 25 14 40 20 39 42 40 17 30 30 6 30 8 15 8 8 26 7 43 45 46 48 48 49 50 50 51 51 53 53 54 55 56 56 58 58 61 62 64 66 67 68 68 69 69 69 69
14 32 42 42 24 9 14 27 28 0 28 36 16 0 36 6 28 16 31 20 2 28 23 25 14 40 20 39 42 40 17 30 30 6 30 8 15 8 8 26 7 43 45 46 48 48 49 50 50 51 51 53 53 54 55 56 56 58 58 61 62 64 66 67 68 68 69 69 69 69
14 32 7 26 24 9 14 27 28 0 28 36 16 0 36 6 28 16 31 20 2 28 23 25 14 40 20 39 8 40 17 30 30 6 30 8 15 8 42 42 42 43 45 46 48 48 49 50 50 51 51 53 53 54 55 56 56 58 58 61 62 64 66 67 68 68 69 69 69 69
14 32 7 26 24 9 14 27 28 0 28 36 16 0 36 6 28 16 31 20 2 28 23 25 14 40 20 39 8 40 17 30 30 6 30 8 15 8 42 42 42 43 45 46 48 48 49 50 50 51 51 53 53 54 55 56 56 58 58 61 62 64 66 67 68 68 69 69 69 69
14 32 7 26 24 9 14 27 28 0 28 36 16 0 36 6 28 16 31 20 2 28 23 25 14 40 20 39 8 40 17 30 30 6 30 8 15 8 42 42 42 43 45 46 48 48 49 50 50 51 51 53 53 54 55 56 56 58 58 61 62 64 66 67 68 68 69 69 69 69
14 32 7 26 24 9 14 27 28 0 28 36 16 0 36 6 28 16 31 20 2 28 23 25 14 40 20 39 8 40 17 30 30 6 30 8 15 8 42 42 42 43 45 46 48 48 49 50 50 51 51 53 53 54 55 56 56 58 58 61 62 64 66 67 68 68 69 69 69 69
14 32 7 26 24 9 14 27 28 0 28 36 16 0 36 6 28 16 31 20 2 28 23 25 14 8 20 39 8 15 17 30 30 6 30 8 40 40 42 42 42 43 45 46 48 48 49 50 50 51 51 53 53 54 55 56 56 58 58 61 62 64 66 67 68 68 69 69 69 69
14 32 7 26 24 9 14 27 28 0 28 36 16 0 36 6 28 16 31 20 2 28 23 25 14 8 20 39 8 15 17 30 30 6 30 8 40 40 42 42 42 43 45 46 48 48 49 50 50 51 51 53 53 54 55 56 56 58 58 61 62 64 66 67 68 68 69 69 69 69
14 32 7 26 24 9 14 27 28 0 28 36 16 0 36 6 28 16 31 20 2 28 23 25 14 8 20 8 8 15 17 30 30 6 30 39 40 40 42 42 42 43 45 46 48 48 49 50 50 51 51 53 53 54 55 56 56 58 58 61 62 64 66 67 68 68 69 69 69 69
14 32 7 26 24 9 14 27 28 0 28 36 16 0 36 6 28 16 31 20 2 28 23 25 14 8 20 8 8 15 17 30 30 6 30 39 40 40 42 42 42 43 45 46 48 48 49 50 50 51 51 53 53 54 55 56 56 58 58 61 62 64 66 67 68 68 69 69 69 69
14 32 7 26 24 9 14 27 28 0 28 36 16 0 36 6 28 16 31 20 2 28 23 25 14 8 20 8 8 15 17 30 30 6 30 39 40 40 42 42 42 43 45 46 48 48 49 50 50 51 51 53 53 54 55 56 56 58 58 61 62 64 66 67 68 68 69 69 69 69
14 32 7 26 24 9 14 27 28 0 28 36 16 0 36 6 28 16 31 20 2 28 23 25 14 8 20 8 8 15 17 30 30 6 30 39 40 40 42 42 42 43 45 46 48 48 49 50 50 51 51 53 53 54 55 56 56 58 58 61 62 64 66 67 68 68 69 69 69 69
14 32 7 26 24 9 14 27 28 0 28 36 16 0 36 6 28 16 31 20 2 28 23 25 14 8 20 8 8 15 17 30 30 6 30 39 40 40 42 42 42 43 45 46 48 48 49 50 50 51 51 53 53 54 55 56 56 58 58 61 62 64 66 67 68 68 69 69 69 69
14 32 7 26 24 9 14 27 28 0 28 36 16 0 36 6 28 16 31 20 2 28 23 25 14 8 20 8 8 15 17 30 30 6 30 39 40 40 42 42 42 43 45 46 48 48 49 50 50 51 51 53 53 54 55 56 56 58 58 61 62 64 66 67 68 68 69 69 69 69
14 32 7 26 24 9 14 27 28 0 28 30 16 0 6 6 28 16 31 20 2 28 23 25 14 8 20 8 8 15 17 30 30 36 36 39 40 40 42 42 42 43 45 46 48 48 49 50 50 51 51 53 53 54 55 56 56 58 58 61 62 64 66 67 68 68 69 69 69 69
14 32 7 26 24 9 14 27 28 0 28 30 16 0 6 6 28 16 31 20 2 28 23 25 14 8 20 8 8 15 17 30 30 36 36 39 40 40 42 42 42 43 45 46 48 48 49 50 50 51 51 53 53 54 55 56 56 58 58 61 62 64 66 67 68 68 69 69 69 69
14 32 7 26 24 9 14 27 28 0 28 30 16 0 6 6 28 16 31 20 2 28 23 25 14 8 20 8 8 15 17 30 30 36 36 39 40 40 42 42 42 43 45 46 48 48 49 50 50 51 51 53 53 54 55 56 56 58 58 61 62 64 66 67 68 68 69 69 69 69
14 32 7 26 24 9 14 27 28 0 28 30 16 0 6 6 28 16 31 20 2 28 23 25 14 8 20 8 8 15 17 30 30 36 36 39 40 40 42 42 42 43 45 46 48 48 49 50 50 51 51 53 53 54 55 56 56 58 58 61 62 64 66 67 68 68 69 69 69 69
14 32 7 26 24 9 14 27 28 0 28 30 16 0 6 6 28 16 31 20 2 28 23 25 14 8 20 8 8 15 17 30 30 36 36 39 40 40 42 42 42 43 45 46 48 48 49 50 50 51 51 53 53 54 55 56 56 58 58 61 62 64 66 67 68 68 69 69 69 69
14 32 7 26 24 9 14 27 28 0 28 30 16 0 6 6 28 16 31 20 2 28 23 25 14 8 20 8 8 15 17 30 30 36 36 39 40 40 42 42 42 43 45 46 48 48 49 50 50 51 51 53 53 54 55 56 56 58 58 61 62 64 66 67 68 68 69 69 69 69
14 32 7 26 24 9 14 27 28 0 28 30 16 0 6 6 28 16 31 20 2 28 23 25 14 8 20 8 8 15 17 30 30 36 36 39 40 40 42 42 42 43 45 46 48 48 49 50 50 51 51 53 53 54 55 56 56 58 58 61 62 64 66 67 68 68 69 69 69 69
14 32 7 26 24 9 14 27 28 0 28 30 16 0 6 6 28 16 31 20 2 28 23 25 14 8 20 8 8 15 17 30 30 36 36 39 40 40 42 42 42 43 45 46 48 48 49 50 50 51 51 53 53 54 55 56 56 58 58 61 62 64 66 67 68 68 69 69 69 69
14 30 7 26 24 9 14 27 28 0 28 30 16 0 6 6 28 16 31 20 2 28 23 25 14 8 20 8 8 15 17 30 32 36 36 39 40 40 42 42 42 43 45 46 48 48 49 50 50 51 51 53 53 54 55 56 56 58 58 61 62 64 66 67 68 68 69 69 69 69
14 30 7 26 24 9 14 27 28 0 28 30 16 0 6 6 28 16 31 20 2 28 23 25 14 8 20 8 8 15 17 30 32 36 36 39 40 40 42 42 42 43 45 46 48 48 49 50 50 51 51 53 53 54 55 56 56 58 58 61 62 64 66 67 68 68 69 69 69 69
14 30 7 26 24 9 14 27 28 0 28 30 16 0 6 6 28 16 30 20 2 28 23 25 14 8 20 8 8 15 17 31 32 36 36 39 40 40 42 42 42 43 45 46 48 48 49 50 50 51 51 53 53 54 55 56 56 58 58 61 62 64 66 67 68 68 69 69 69 69
14 30 7 26 24 9 14 27 28 0 28 30 16 0 6 6 28 16 30 20 2 28 23 25 14 8 20 8 8 15 17 31 32 36 36 39 40 40 42 42 42 43 45 46 48 48 49 50 50 51 51 53 53 54 55 56 56 58 58 61 62 64 66 67 68 68 69 69 69 69
14 17 7 26 24 9 14 27 28 0 28 15 16 0 6 6 28 16 8 20 2 28 23 25 14 8 20 8 30 30 30 31 32 36 36 39 40 40 42 42 42 43 45 46 48 48 49 50 50 51 51 53 53 54 55 56 56 58 58 61 62 64 66 67 68 68 69 69 69 69
14 17 7 26 24 9 14 27 28 0 28 15 16 0 6 6 28 16 8 20 2 28 23 25 14 8 20 8 30 30 30 31 32 36 36 39 40 40 42 42 42 43 45 46 48 48 49 50 50 51 51 53 53 54 55 56 56 58 58 61 62 64 66 67 68 68 69 69 69 69
14 17 7 26 24 9 14 27 28 0 28 15 16 0 6 6 28 16 8 20 2 28 23 25 14 8 20 8 30 30 30 31 32 36 36 39 40 40 42 42 42 43 45 46 48 48 49 50 50 51 51 53 53 54 55 56 56 58 58 61 62 64 66 67 68 68 69 69 69 69
14 17 7 26 24 9 14 27 28 0 28 15 16 0 6 6 28 16 8 20 2 28 23 25 14 8 20 8 30 30 30 31 32 36 36 39 40 40 42 42 42 43 45 46 48 48 49 50 50 51 51 53 53 54 55 56 56 58 58 61 62 64 66 67 68 68 69 69 69 69
14 17 7 26 24 9 14 27 8 0 20 15 16 0 6 6 8 16 8 20 2 14 23 25 28 28 28 28 30 30 30 31 32 36 36 39 40 40 42 42 42 43 45 46 48 48 49 50 50 51 51 53 53 54 55 56 56 58 58 61 62 64 66 67 68 68 69 69 69 69
14 17 7 26 24 9 14 27 8 0 20 15 16 0 6 6 8 16 8 20 2 14 23 25 28 28 28 28 30 30 30 31 32 36 36 39 40 40 42 42 42 43 45 46 48 48 49 50 50 51 51 53 53 54 55 56 56 58 58 61 62 64 66 67 68 68 69 69 69 69
14 17 7 26 24 9 14 25 8 0 20 15 16 0 6 6 8 16 8 20 2 14 23 27 28 28 28 28 30 30 30 31 32 36 36 39 40 40 42 42 42 43 45 46 48 48 49 50 50 51 51 53 53 54 55 56 56 58 58 61 62 64 66 67 68 68 69 69 69 69
14 17 7 26 24 9 14 25 8 0 20 15 16 0 6 6 8 16 8 20 2 14 23 27 28 28 28 28 30 30 30 31 32 36 36 39 40 40 42 42 42 43 45 46 48 48 49 50 50 51 51 53 53 54 55 56 56 58 58 61 62 64 66 67 68 68 69 69 69 69
14 17 7 23 24 9 14 25 8 0 20 15 16 0 6 6 8 16 8 20 2 14 26 27 28 28 28 28 30 30 30 31 32 36 36 39 40 40 42 42 42 43 45 46 48 48 49 50 50 51 51 53 53 54 55 56 56 58 58 61 62 64 66 67 68 68 69 69 69 69
14 17 7 23 24 9 14 25 8 0 20 15 16 0 6 6 8 16 8 20 2 14 26 27 28 28 28 28 30 30 30 31 32 36 36 39 40 40 42 42 42 43 45 46 48 48 49 50 50 51 51 53 53 54 55 56 56 58 58 61 62 64 66 67 68 68 69 69 69 69
14 17 7 23 24 9 14 14 8 0 20 15 16 0 6 6 8 16 8 20 2 25 26 27 28 28 28 28 30 30 30 31 32 36 36 39 40 40 42 42 42 43 45 46 48 48 49 50 50 51 51 53 53 54 55 56 56 58 58 61 62 64 66 67 68 68 69 69 69 69
14 17 7 23 24 9 14 14 8 0 20 15 16 0 6 6 8 16 8 20 2 25 26 27 28 28 28 28 30 30 30 31 32 36 36 39 40 40 42 42 42 43 45 46 48 48 49 50 50 51 51 53 53 54 55 56 56 58 58 61 62 64 66 67 68 68 69 69 69 69
14 17 7 23 2 9 14 14 8 0 20 15 16 0 6 6 8 16 8 20 24 25 26 27 28 28 28 28 30 30 30 31 32 36 36 39 40 40 42 42 42 43 45 46 48 48 49 50 50 51 51 53 53 54 55 56 56 58 58 61 62 64 66 67 68 68 69 69 69 69
14 17 7 23 2 9 14 14 8 0 20 15 16 0 6 6 8 16 8 20 24 25 26 27 28 28 28 28 30 30 30 31 32 36 36 39 40 40 42 42 42 43 45 46 48 48 49 50 50 51 51 53 53 54 55 56 56 58 58 61 62 64 66 67 68 68 69 69 69 69
14 17 7 20 2 9 14 14 8 0 20 15 16 0 6 6 8 16 8 23 24 25 26 27 28 28 28 28 30 30 30 31 32 36 36 39 40 40 42 42 42 43 45 46 48 48 49 50 50 51 51 53 53 54 55 56 56 58 58 61 62 64 66 67 68 68 69 69 69 69
14 17 7 20 2 9 14 14 8 0 20 15 16 0 6 6 8 16 8 23 24 25 26 27 28 28 28 28 30 30 30 31 32 36 36 39 40 40 42 42 42 43 45 46 48 48 49 50 50 51 51 53 53 54 55 56 56 58 58 61 62 64 66 67 68 68 69 69 69 69
14 17 7 20 2 9 14 14 8 0 20 15 16 0 6 6 8 16 8 23 24 25 26 27 28 28 28 28 30 30 30 31 32 36 36 39 40 40 42 42 42 43 45 46 48 48 49 50 50 51 51 53 53 54 55 56 56 58 58 61 62 64 66 67 68 68 69 69 69 69
14 17 7 20 2 9 14 14 8 0 20 15 16 0 6 6 8 16 8 23 24 25 26 27 28 28 28 28 30 30 30 31 32 36 36 39 40 40 42 42 42 43 45 46 48 48 49 50 50 51 51 53 53 54 55 56 56 58 58 61 62 64 66 67 68 68 69 69 69 69
14 17 7 20 2 9 14 14 8 0 20 15 16 0 6 6 8 16 8 23 24 25 26 27 28 28 28 28 30 30 30 31 32 36 36 39 40 40 42 42 42 43 45 46 48 48 49 50 50 51 51 53 53 54 55 56 56 58 58 61 62 64 66 67 68 68 69 69 69 69
14 17 7 20 2 9 14 14 8 0 20 15 16 0 6 6 8 16 8 23 24 25 26 27 28 28 28 28 30 30 30 31 32 36 36 39 40 40 42 42 42 43 45 46 48 48 49 50 50 51 51 53 53 54 55 56 56 58 58 61 62 64 66 67 68 68 69 69 69 69
14 17 7 8 2 9 14 14 8 0 16 15 16 0 6 6 8 20 20 23 24 25 26 27 28 28 28 28 30 30 30 31 32 36 36 39 40 40 42 42 42 43 45 46 48 48 49 50 50 51 51 53 53 54 55 56 56 58 58 61 62 64 66 67 68 68 69 69 69 69
14 17 7 8 2 9 14 14 8 0 16 15 16 0 6 6 8 20 20 23 24 25 26 27 28 28 28 28 30 30 30 31 32 36 36 39 40 40 42 42 42 43 45 46 48 48 49 50 50 51 51 53 53 54 55 56 56 58 58 61 62 64 66 67 68 68 69 69 69 69
14 17 7 8 2 9 14 14 8 0 16 15 16 0 6 6 8 20 20 23 24 25 26 27 28 28 28 28 30 30 30 31 32 36 36 39 40 40 42 42 42 43 45 46 48 48 49 50 50 51 51 53 53 54 55 56 56 58 58 61 62 64 66 67 68 68 69 69 69 69
14 17 7 8 2 9 14 14 8 0 16 15 16 0 6 6 8 20 20 23 24 25 26 27 28 28 28 28 30 30 30 31 32 36 36 39 40 40 42 42 42 43 45 46 48 48 49 50 50 51 51 53 53 54 55 56 56 58 58 61 62 64 66 67 68 68 69 69 69 69
14 17 7 8 2 9 14 14 8 0 16 15 16 0 6 6 8 20 20 23 24 25 26 27 28 28 28 28 30 30 30 31 32 36 36 39 40 40 42 42 42 43 45 46 48 48 49 50 50 51 51 53 53 54 55 56 56 58 58 61 62 64 66 67 68 68 69 69 69 69
14 17 7 8 2 9 14 14 8 0 16 15 16 0 6 6 8 20 20 23 24 25 26 27 28 28 28 28 30 30 30 31 32 36 36 39 40 40 42 42 42 43 45 46 48 48 49 50 50 51 51 53 53 54 55 56 56 58 58 61 62 64 66 67 68 68 69 69 69 69
14 8 7 8 2 9 14 14 8 0 16 15 16 0 6 6 17 20 20 23 24 25 26 27 28 28 28 28 30 30 30 31 32 36 36 39 40 40 42 42 42 43 45 46 48 48 49 50 50 51 51 53 53 54 55 56 56 58 58 61 62 64 66 67 68 68 69 69 69 69
14 8 7 8 2 9 14 14 8 0 16 15 16 0 6 6 17 20 20 23 24 25 26 27 28 28 28 28 30 30 30 31 32 36 36 39 40 40 42 42 42 43 45 46 48 48 49 50 50 51 51 53 53 54 55 56 56 58 58 61 62 64 66 67 68 68 69 69 69 69
14 8 7 8 2 9 14 14 8 0 6 15 6 0 16 16 17 20 20 23 24 25 26 27 28 28 28 28 30 30 30 31 32 36 36 39 40 40 42 42 42 43 45 46 48 48 49 50 50 51 51 53 53 54 55 56 56 58 58 61 62 64 66 67 68 68 69 69 69 69
14 8 7 8 2 9 14 14 8 0 6 15 6 0 16 16 17 20 20 23 24 25 26 27 28 28 28 28 30 30 30 31 32 36 36 39 40 40 42 42 42 43 45 46 48 48 49 50 50 51 51 53 53 54 55 56 56 58 58 61 62 64 66 67 68 68 69 69 69 69
14 8 7 8 2 9 14 14 8 0 6 0 6 15 16 16 17 20 20 23 24 25 26 27 28 28 28 28 30 30 30 31 32 36 36 39 40 40 42 42 42 43 45 46 48 48 49 50 50 51 51 53 53 54 55 56 56 58 58 61 62 64 66 67 68 68 69 69 69 69
14 8 7 8 2 9 14 14 8 0 6 0 6 15 16 16 17 20 20 23 24 25 26 27 28 28 28 28 30 30 30 31 32 36 36 39 40 40 42 42 42 43 45 46 48 48 49 50 50 51 51 53 53 54 55 56 56 58 58 61 62 64 66 67 68 68 69 69 69 69
6 8 7 8 2 9 0 6 8 0 14 14 14 15 16 16 17 20 20 23 24 25 26 27 28 28 28 28 30 30 30 31 32 36 36 39 40 40 42 42 42 43 45 46 48 48 49 50 50 51 51 53 53 54 55 56 56 58 58 61 62 64 66 67 68 68 69 69 69 69
6 8 7 8 2 9 0 6 8 0 14 14 14 15 16 16 17 20 20 23 24 25 26 27 28 28 28 28 30 30 30 31 32 36 36 39 40 40 42 42 42 43 45 46 48 48 49 50 50 51 51 53 53 54 55 56 56 58 58 61 62 64 66 67 68 68 69 69 69 69
6 8 7 8 2 9 0 6 8 0 14 14 14 15 16 16 17 20 20 23 24 25 26 27 28 28 28 28 30 30 30 31 32 36 36 39 40 40 42 42 42 43 45 46 48 48 49 50 50 51 51 53 53 54 55 56 56 58 58 61 62 64 66 67 68 68 69 69 69 69
6 8 7 8 2 9 0 6 8 0 14 14 14 15 16 16 17 20 20 23 24 25 26 27 28 28 28 28 30 30 30 31 32 36 36 39 40 40 42 42 42 43 45 46 48 48 49 50 50 51 51 53 53 54 55 56 56 58 58 61 62 64 66 67 68 68 69 69 69 69
6 8 7 8 2 9 0 6 8 0 14 14 14 15 16 16 17 20 20 23 24 25 26 27 28 28 28 28 30 30 30 31 32 36 36 39 40 40 42 42 42 43 45 46 48 48 49 50 50 51 51 53 53 54 55 56 56 58 58 61 62 64 66 67 68 68 69 69 69 69
6 8 7 8 2 9 0 6 8 0 14 14 14 15 16 16 17 20 20 23 24 25 26 27 28 28 28 28 30 30 30 31 32 36 36 39 40 40 42 42 42 43 45 46 48 48 49 50 50 51 51 53 53 54 55 56 56 58 58 61 62 64 66 67 68 68 69 69 69 69
6 8 7 8 2 9 0 6 8 0 14 14 14 15 16 16 17 20 20 23 24 25 26 27 28 28 28 28 30 30 30 31 32 36 36 39 40 40 42 42 42 43 45 46 48 48 49 50 50 51 51 53 53 54 55 56 56 58 58 61 62 64 66 67 68 68 69 69 69 69
6 8 7 8 2 9 0 6 8 0 14 14 14 15 16 16 17 20 20 23 24 25 26 27 28 28 28 28 30 30 30 31 32 36 36 39 40 40 42 42 42 43 45 46 48 48 49 50 50 51 51 53 53 54 55 56 56 58 58 61 62 64 66 67 68 68 69 69 69 69
6 8 7 8 2 9 0 6 8 0 14 14 14 15 16 16 17 20 20 23 24 25 26 27 28 28 28 28 30 30 30 31 32 36 36 39 40 40 42 42 42 43 45 46 48 48 49 50 50 51 51 53 53 54 55 56 56 58 58 61 62 64 66 67 68 68 69 69 69 69
6 8 7 8 2 9 0 6 8 0 14 14 14 15 16 16 17 20 20 23 24 25 26 27 28 28 28 28 30 30 30 31 32 36 36 39 40 40 42 42 42 43 45 46 48 48 49 50 50 51 51 53 53 54 55 56 56 58 58 61 62 64 66 67 68 68 69 69 69 69
6 8 7 8 2 0 0 6 8 9 14 14 14 15 16 16 17 20 20 23 24 25 26 27 28 28 28 28 30 30 30 31 32 36 36 39 40 40 42 42 42 43 45 46 48 48 49 50 50 51 51 53 53 54 55 56 56 58 58 61 62 64 66 67 68 68 69 69 69 69
6 8 7 8 2 0 0 6 8 9 14 14 14 15 16 16 17 20 20 23 24 25 26 27 28 28 28 28 30 30 30 31 32 36 36 39 40 40 42 42 42 43 45 46 48 48 49 50 50 51 51 53 53 54 55 56 56 58 58 61 62 64 66 67 68 68 69 69 69 69
6 8 7 6 2 0 0 8 8 9 14 14 14 15 16 16 17 20 20 23 24 25 26 27 28 28 28 28 30 30 30 31 32 36 36 39 40 40 42 42 42 43 45 46 48 48 49 50 50 51 51 53 53 54 55 56 56 58 58 61 62 64 66 67 68 68 69 69 69 69
6 0 7 6 2 0 8 8 8 9 14 14 14 15 16 16 17 20 20 23 24 25 26 27 28 28 28 28 30 30 30 31 32 36 36 39 40 40 42 42 42 43 45 46 48 48 49 50 50 51 51 53 53 54 55 56 56 58 58 61 62 64 66 67 68 68 69 69 69 69
6 0 0 6 2 7 8 8 8 9 14 14 14 15 16 16 17 20 20 23 24 25 26 27 28 28 28 28 30 30 30 31 32 36 36 39 40 40 42 42 42 43 45 46 48 48 49 50 50 51 51 53 53 54 55 56 56 58 58 61 62 64 66 67 68 68 69 69 69 69
6 0 0 6 2 7 8 8 8 9 14 14 14 15 16 16 17 20 20 23 24 25 26 27 28 28 28 28 30 30 30 31 32 36 36 39 40 40 42 42 42 43 45 46 48 48 49 50 50 51 51 53 53 54 55 56 56 58 58 61 62 64 66 67 68 68 69 69 69 69
2 0 0 6 6 7 8 8 8 9 14 14 14 15 16 16 17 20 20 23 24 25 26 27 28 28 28 28 30 30 30 31 32 36 36 39 40 40 42 42 42 43 45 46 48 48 49 50 50 51 51 53 53 54 55 56 56 58 58 61 62 64 66 67 68 68 69 69 69 69
2 0 0 6 6 7 8 8 8 9 14 14 14 15 16 16 17 20 20 23 24 25 26 27 28 28 28 28 30 30 30 31 32 36 36 39 40 40 42 42 42 43 45 46 48 48 49 50 50 51 51 53 53 54 55 56 56 58 58 61 62 64 66 67 68 68 69 69 69 69
2 0 0 6 6 7 8 8 8 9 14 14 14 15 16 16 17 20 20 23 24 25 26 27 28 28 28 28 30 30 30 31 32 36 36 39 40 40 42 42 42 43 45 46 48 48 49 50 50 51 51 53 53 54 55 56 56 58 58 61 62 64 66 67 68 68 69 69 69 69
2 0 0 6 6 7 8 8 8 9 14 14 14 15 16 16 17 20 20 23 24 25 26 27 28 28 28 28 30 30 30 31 32 36 36 39 40 40 42 42 42 43 45 46 48 48 49 50 50 51 51 53 53 54 55 56 56 58 58 61 62 64 66 67 68 68 69 69 69 69
2 0 0 6 6 7 8 8 8 9 14 14 14 15 16 16 17 20 20 23 24 25 26 27 28 28 28 28 30 30 30 31 32 36 36 39 40 40 42 42 42 43 45 46 48 48 49 50 50 51 51 53 53 54 55 56 56 58 58 61 62 64 66 67 68 68 69 69 69 69
2 0 0 6 6 7 8 8 8 9 14 14 14 15 16 16 17 20 20 23 24 25 26 27 28 28 28 28 30 30 30 31 32 36 36 39 40 40 42 42 42 43 45 46 48 48 49 50 50 51 51 53 53 54 55 56 56 58 58 61 62 64 66 67 68 68 69 69 69 69
2 0 0 6 6 7 8 8 8 9 14 14 14 15 16 16 17 20 20 23 24 25 26 27 28 28 28 28 30 30 30 31 32 36 36 39 40 40 42 42 42 43 45 46 48 48 49 50 50 51 51 53 53 54 55 56 56 58 58 61 62 64 66 67 68 68 69 69 69 69
2 0 0 6 6 7 8 8 8 9 14 14 14 15 16 16 17 20 20 23 24 25 26 27 28 28 28 28 30 30 30 31 32 36 36 39 40 40 42 42 42 43 45 46 48 48 49 50 50 51 51 53 53 54 55 56 56 58 58 61 62 64 66 67 68 68 69 69 69 69
0 0 2 6 6 7 8 8 8 9 14 14 14 15 16 16 17 20 20 23 24 25 26 27 28 28 28 28 30 30 30 31 32 36 36 39 40 40 42 42 42 43 45 46 48 48 49 50 50 51 51 53 53 54 55 56 56 58 58 61 62 64 66 67 68 68 69 69 69 69
0 0 2 6 6 7 8 8 8 9 14 14 14 15 16 16 17 20 20 23 24 25 26 27 28 28 28 28 30 30 30 31 32 36 36 39 40 40 42 42 42 43 45 46 48 48 49 50 50 51 51 53 53 54 55 56 56 58 58 61 62 64 66 67 68 68 69 69 69 69
0 0 2 6 6 7 8 8 8 9 14 14 14 15 16 16 17 20 20 23 24 25 26 27 28 28 28 28 30 30 30 31 32 36 36 39 40 40 42 42 42 43 45 46 48 48 49 50 50 51 51 53 53 54 55 56 56 58 58 61 62 64 66 67 68 68 69 69 69 69
0 0 2 6 6 7 8 8 8 9 14 14 14 15 16 16 17 20 20 23 24 25 26 27 28 28 28 28 30 30 30 31 32 36 36 39 40 40 42 42 42 43 45 46 48 48 49 50 50 51 51 53 53 54 55 56 56 58 58 61 62 64 66 67 68 68 69 69 69 69
0 0 2 6 6 7 8 8 8 9 14 14 14 15 16 16 17 20 20 23 24 25 26 27 28 28 28 28 30 30 30 31 32 36 36 39 40 40 42 42 42 43 45 46 48 48 49 50 50 51 51 53 53 54 55 56 56 58 58 61 62 64 66 67 68 68 69 69 69 69
0 0 2 6 6 7 8 8 8 9 14 14 14 15 16 16 17 20 20 23 24 25 26 27 28 28 28 28 30 30 30 31 32 36 36 39 40 40 42 42 42 43 45 46 48 48 49 50 50 51 51 53 53 54 55 56 56 58 58 61 62 64 66 67 68 68 69 69 69 69
